EMBEDDING BEGINS
-0.014005709439516068
0.007972005754709244
0.0068214950151741505
0.019189277663826942
-0.010785631835460663
0.0018209004774689674
-0.018770361319184303
0.0022707227617502213
0.02934613637626171
-0.002406626008450985
0.013804559595882893
0.004469267092645168
-0.015498960390686989
0.0053068846464157104
0.01645483821630478
0.003738007042557001
0.03555068373680115
0.00103016197681427
-0.008586231619119644
0.008191576227545738
-6.994337309151888e-05
-0.0419900119304657
0.004002758301794529
0.008566131815314293
-0.017573710530996323
-0.017628833651542664
0.014813472516834736
-0.0021739674266427755
0.002776659559458494
0.014727478846907616
-0.023060953244566917
-0.007406632881611586
0.006713148206472397
-0.023774541914463043
0.032038770616054535
0.028308579698204994
-0.05015374347567558
-0.03665910288691521
0.0015754818450659513
0.02158989943563938
-0.005330859683454037
-0.013817721046507359
0.014633695594966412
-0.00939423218369484
0.009545663371682167
-0.02489575929939747
0.014535950496792793
0.01588975265622139
-0.025751641020178795
0.009033086709678173
0.01809549331665039
-0.014129330404102802
0.011559187434613705
0.038828324526548386
0.002793695544824004
0.04380999132990837
-0.028989188373088837
-0.022686198353767395
0.0009983235504478216
0.0021017552353441715
0.034091852605342865
0.015366621315479279
-0.009809491224586964
0.0298956036567688
-0.017170051112771034
-0.01432708278298378
0.005114602856338024
0.026118110865354538
-0.04254363477230072
0.0014725334476679564
0.04670918732881546
0.027668651193380356
-0.008009834215044975
-0.003675216343253851
0.007033222820609808
-0.042788222432136536
0.009368250146508217
-0.00601313728839159
0.0048224348574876785
-0.031197085976600647
0.010410808026790619
0.013529960066080093
-0.015518981032073498
-0.021146971732378006
-0.00766764534637332
-0.04184899106621742
-0.028555110096931458
0.006892186589539051
0.0198169257491827
0.011176799423992634
-0.021106528118252754
-0.042930908501148224
0.01119287684559822
0.015798646956682205
-0.001059661852195859
-0.0006030980730429292
-0.027811193838715553
0.003602026728913188
0.03693147748708725
-0.012287289835512638
0.010984526015818119
-0.003700665198266506
-0.01829153671860695
0.003083022078499198
0.05233626067638397
-0.026350706815719604
0.00426233047619462
-0.007739430293440819
0.014784831553697586
-0.017465200275182724
-0.022681666538119316
-0.020599830895662308
0.02188757434487343
-0.0060996077954769135
-0.015868322923779488
-0.04584572836756706
0.0013358728028833866
0.06405026465654373
-0.02845550701022148
0.02469923347234726
-0.020026609301567078
0.0034546591341495514
-0.05740097537636757
-0.0042200274765491486
0.01960175298154354
0.054579976946115494
0.0379035584628582
-0.012860750779509544
-0.021055933088064194
-0.01119131501764059
-0.0016344315372407436
-0.004470396786928177
0.026605337858200073
-0.025986284017562866
-0.011026960797607899
0.018505282700061798
-0.016392674297094345
0.011633241549134254
0.04726065695285797
-0.0036410954780876637
0.01103266328573227
0.005291524808853865
-0.03672477975487709
-0.04412951320409775
-0.022869106382131577
0.007274841424077749
-0.012285185977816582
0.036662597209215164
0.005033789202570915
-0.003275228664278984
0.01932167261838913
0.011377683840692043
-0.049959272146224976
0.024695616215467453
0.06067303568124771
-0.004797029308974743
-0.025410665199160576
0.007428666111081839
-0.012875770218670368
0.006551311817020178
0.02431575022637844
0.004632120952010155
0.01045988965779543
0.003482117084786296
-0.002398763783276081
-0.03775141015648842
0.023245137184858322
0.04119760915637016
0.009856553748250008
-0.050337716937065125
0.020247401669621468
0.0061884233728051186
-0.02486923709511757
-0.03872599080204964
-0.006488689221441746
-0.03838715702295303
-0.023888733237981796
-0.014085913076996803
0.020175181329250336
0.01901824027299881
-0.01479819230735302
0.012955850921571255
-0.017970001325011253
-0.004578863270580769
-0.020843597128987312
0.02784414030611515
-0.010594882071018219
0.011485346592962742
0.032777756452560425
-0.00816849060356617
-0.010793632827699184
-0.013236152939498425
-0.00990142859518528
0.005623078439384699
0.00194521714001894
-0.0529002919793129
0.003375270403921604
-0.004642908927053213
0.0030060529243201017
-0.039530664682388306
-0.001173893571831286
-0.023329690098762512
0.031197544187307358
-0.036356691271066666
-0.006544829346239567
0.003700820030644536
-0.04247237369418144
-0.041255779564380646
-0.010662960819900036
-0.0297643281519413
-0.024698639288544655
-0.01589995250105858
-0.0013686255551874638
-0.026574188843369484
-0.0342126339673996
-0.011197969317436218
-0.010195448994636536
0.02209535427391529
0.006154581904411316
0.019475247710943222
0.030932318419218063
-0.05576600506901741
0.028773924335837364
0.008369808085262775
-0.006411140784621239
-0.025488222017884254
0.013094460591673851
-0.02475872077047825
-0.008774185553193092
-0.01235179789364338
-0.004844547249376774
0.030886942520737648
-0.011930033564567566
-0.01542784832417965
0.020940087735652924
0.014342676848173141
-0.007829053327441216
0.027800733223557472
-0.005876579321920872
0.011901341378688812
-0.05500573292374611
-0.02297576516866684
0.026668697595596313
0.01815672777593136
0.0017626916524022818
-0.0019290968775749207
-0.011431061662733555
-0.036171868443489075
-0.019050834700465202
-0.014140050858259201
0.009877345524728298
-0.022688481956720352
0.02034490369260311
-0.024120820686221123
0.009539357386529446
0.03448312357068062
0.019189350306987762
-0.02079790271818638
-0.017968913540244102
0.018416302278637886
0.033567823469638824
-0.018793415278196335
0.011170810088515282
0.04389098659157753
0.017563937231898308
0.014792436733841896
-0.003382341703400016
-0.039708636701107025
-0.0240703746676445
-0.036499470472335815
-0.02768642082810402
0.0009131880942732096
-0.0036486557219177485
-0.016745949164032936
-0.010196087881922722
-0.0008016639621928334
0.025812935084104538
0.020834675058722496
0.009531792253255844
-0.0069028655998408794
0.027149461209774017
-0.030164608731865883
-0.016420388594269753
0.0060378313064575195
0.030104951933026314
-0.027737105265259743
-0.014921676367521286
0.0170446690171957
-0.03917408734560013
0.027361460030078888
-0.012796006165444851
-0.00014865980483591557
0.009890181012451649
-0.021169008687138557
0.011046398431062698
0.019420389086008072
-0.017976712435483932
0.00987392757087946
0.004328492097556591
0.02513292245566845
-0.005042564123868942
0.025164391845464706
0.012047547847032547
-0.003011144232004881
-0.025585535913705826
0.011262524873018265
0.002615271368995309
-0.006890060380101204
-0.003713392186909914
-0.028181323781609535
0.02830938622355461
-0.008263615891337395
-0.015397391282022
-0.015437019988894463
0.005020164418965578
0.0017445046687498689
-0.016490092501044273
-0.029633335769176483
0.0059402575716376305
0.04106346145272255
-0.03876931220293045
0.011212748475372791
-0.01127444114536047
-0.02676382102072239
0.052180834114551544
0.013502025045454502
-0.027164142578840256
-0.03208952769637108
0.007219529710710049
0.02812504582107067
-0.015485833398997784
0.008626249618828297
-0.0015316414646804333
-0.01686878502368927
-0.015342004597187042
0.023220734670758247
-0.0416984036564827
0.030459284782409668
-0.0007885645609349012
-0.026689210906624794
0.01474729459732771
0.02840503491461277
0.012326073832809925
0.022529268637299538
0.004327103495597839
0.01063544675707817
0.0260770246386528
0.0170447938144207
0.008384154178202152
-0.01775795966386795
0.001389011857099831
-2.2123102098703384e-05
0.014385516755282879
0.05825623869895935
0.03531361371278763
-0.03424058109521866
-0.008186974562704563
0.02634110487997532
0.0033374533522874117
-0.003918556962162256
-0.0516866110265255
0.0463353767991066
0.055755142122507095
-0.0016537117771804333
-0.017432620748877525
0.015865568071603775
0.02012067846953869
0.019990121945738792
-0.013750020414590836
-0.03654630482196808
0.029885414987802505
0.01410597749054432
0.009891875088214874
-0.004317509476095438
-0.007973087020218372
-0.0417812280356884
-0.049881335347890854
-0.004328950773924589
0.010104024782776833
0.009013391099870205
0.0034855161793529987
-0.03138226270675659
0.011157600209116936
-0.03779211640357971
-0.023994607850909233
0.004801969975233078
0.01658811792731285
-0.035231854766607285
-0.015592996962368488
0.03540396690368652
0.01589174196124077
0.01809038035571575
-0.028915302827954292
1.131417229771614e-05
0.024855032563209534
-0.03815459832549095
-0.020112505182623863
0.002695568138733506
-0.021730104461312294
0.0110187828540802
0.009274748153984547
0.014016575179994106
0.014458054676651955
0.026460103690624237
-0.022255273535847664
0.020355377346277237
0.02491632103919983
0.012115681543946266
-0.03619873523712158
-0.0017475899076089263
0.019769199192523956
-0.02800217643380165
-0.022504977881908417
0.008598641492426395
-0.00537164555862546
-0.0036370360758155584
-0.003275966038927436
3.042997559532523e-05
-0.020432868972420692
0.0076857637614011765
0.03199895843863487
-0.04484731703996658
-0.02489289455115795
-0.00022737507242709398
-0.0367681123316288
-0.024029836058616638
0.014467558823525906
-0.023677729070186615
0.027419311925768852
-0.0021548117510974407
-0.013959909789264202
-0.02330327220261097
0.01724104955792427
0.01068812608718872
0.009204411879181862
-0.015195760875940323
0.023472225293517113
-0.001199754886329174
0.0008125696331262589
0.01540886890143156
0.014327168464660645
0.002138138748705387
0.00948373693972826
-0.02010774426162243
0.009362565353512764
0.0027486870530992746
0.020889967679977417
-0.03038511797785759
0.017420919612050056
0.006410480476915836
0.029712388291954994
0.005479353480041027
-0.0070084766484797
0.0050284648314118385
-0.004502264317125082
-0.0034744124859571457
-0.00029631820507347584
0.02192591316998005
-0.01586081273853779
-0.022781088948249817
-0.01673501543700695
-0.0308834221214056
0.047838401049375534
-0.01660069450736046
0.015363015234470367
-0.02442042902112007
-0.03065573051571846
-0.032702669501304626
-0.003405806375667453
-0.01514316163957119
-0.005003655795007944
-0.02141929604113102
0.03722040355205536
-0.01710641011595726
0.00029607306350953877
0.023431725800037384
0.0063354140147566795
0.02054639533162117
-0.013100559823215008
-9.31406975723803e-05
0.029672620818018913
0.006404822692275047
0.01832331344485283
-0.0014065260766074061
0.013173415325582027
0.0074619753286242485
-0.013603445142507553
-0.02586599998176098
0.011580566875636578
0.01689484342932701
-0.004526656586676836
-0.013908715918660164
-0.03124273009598255
-0.01677822507917881
0.016929499804973602
-0.005308052059262991
-0.05735083669424057
0.03510430455207825
0.02140858955681324
0.031681716442108154
-0.029229342937469482
0.005979910027235746
0.030568893998861313
0.014159687794744968
-0.009461481124162674
-0.0036138289142400026
0.005038563162088394
0.00975047331303358
0.004150663502514362
-0.023195762187242508
0.016696704551577568
0.01741999015212059
-0.02027490735054016
-0.012958178296685219
0.007162498310208321
-0.007434952072799206
0.0161519143730402
-0.004640552215278149
-0.008709429763257504
-0.001980198547244072
0.012233203276991844
0.021360216662287712
-0.05001090466976166
0.007515749894082546
0.0018549389205873013
0.052264921367168427
-0.004226983524858952
0.02964068576693535
-0.0037952475249767303
-0.014628295786678791
0.024370446801185608
-0.0167563334107399
-0.010252881795167923
-0.04339522868394852
-0.0035316809080541134
-0.03444451838731766
-0.006503041833639145
-0.0006450081709772348
-0.0158410482108593
0.05070868507027626
0.015159985981881618
-0.00326415803283453
0.0240238755941391
0.014776276424527168
-0.00925532728433609
-0.03128330409526825
0.009504313580691814
0.03387833386659622
-0.005051312502473593
-0.010631605982780457
-0.008187532424926758
-0.04188401252031326
-0.02504398301243782
-0.006183943711221218
-0.03481856361031532
0.005378327332437038
0.050152212381362915
0.006346012931317091
-0.05791342630982399
0.0026743391063064337
-0.016370108351111412
0.0009560179896652699
-0.02299988456070423
0.0033313119783997536
0.00232361420057714
-0.010660635307431221
0.015252118930220604
-0.03813878446817398
0.04349212348461151
-0.017201965674757957
-0.0020170912612229586
0.00967408251017332
0.012707706540822983
0.008069859817624092
0.009212912060320377
0.016053613275289536
-0.023620745167136192
-0.02641378901898861
-0.02662169188261032
0.02783568948507309
-0.004455908201634884
0.025989271700382233
0.010329230688512325
-0.01262902095913887
-0.002772268373519182
0.01058245450258255
-0.03978164494037628
0.01746051199734211
-0.0484209880232811
-0.030742691829800606
-0.02723713591694832
-0.004105263855308294
0.00500129908323288
0.019656529650092125
-0.01042666845023632
-0.04373600333929062
0.009681624360382557
0.03820471465587616
0.018567368388175964
-0.02431606315076351
-0.008687863126397133
-0.013967005535960197
0.010702090337872505
-0.013050762936472893
0.014945260249078274
0.05454695224761963
-0.016878841444849968
0.017979124560952187
-0.013820189982652664
0.026930013671517372
-0.043915726244449615
-0.0035986993461847305
-0.012121139094233513
0.03489626199007034
-0.00834677554666996
0.005512325093150139
-0.019151844084262848
-0.022857554256916046
0.016206271946430206
-0.01665475033223629
0.0027739102952182293
-0.016147298738360405
0.008072856813669205
-0.01208418607711792
-0.026470506563782692
-0.023598067462444305
0.03636273741722107
-0.031953297555446625
-0.002238442189991474
0.01419035717844963
-0.019221877679228783
0.002612719312310219
-0.01244985219091177
0.005813236348330975
0.02321978099644184
0.000997522147372365
-0.022372566163539886
-0.014961770735681057
0.0014916678192093968
-0.0015251777367666364
-0.0033769572619348764
0.03498049080371857
-0.02844896726310253
-0.016767416149377823
0.005490247160196304
0.00560210645198822
-0.032249413430690765
-0.02079041302204132
-0.0033083809539675713
-0.00914888083934784
0.009245005436241627
-0.021834123879671097
0.005675715394318104
0.015427885577082634
-0.020043691620230675
-0.003016387578099966
0.0045845224522054195
-0.008281406946480274
-0.015725426375865936
-0.018218722194433212
-0.026887280866503716
-0.018781816586852074
0.01830887235701084
-0.006810932420194149
0.02191079594194889
-0.03709711506962776
0.009071726351976395
-0.028656568378210068
-0.006275254767388105
-0.01191177312284708
0.0038063046522438526
0.01093559805303812
0.015035204589366913
0.010139437392354012
0.012692390009760857
-0.05406671017408371
0.03456181287765503
-0.01653462089598179
-0.04277297481894493
-0.04332847520709038
-0.00823599100112915
0.014989671297371387
-0.020339298993349075
0.04837711900472641
-0.0018743384862318635
-0.003105736803263426
0.004807190503925085
-0.00287052895873785
-0.0042269350960850716
0.01942385360598564
0.0002907039597630501
-0.003594515845179558
0.009897483512759209
0.022700678557157516
-0.03923046588897705
-0.019115542992949486
0.03745841234922409
0.01430442649871111
0.0018715292681008577
0.004759711213409901
0.03399866819381714
-0.012194408103823662
-0.011009790934622288
-0.020615259185433388
0.010485611855983734
0.018283981829881668
-0.03518187627196312
0.04811592400074005
-3.1781033612787724e-05
-0.029106315225362778
-0.049082234501838684
-0.025204474106431007
-0.006046871654689312
-0.016236763447523117
0.0018977877916768193
-0.03978799283504486
0.020354004576802254
0.015972964465618134
0.0319904163479805
0.004128337372094393
0.0013551735319197178
-0.013657885603606701
0.004711136221885681
0.041083745658397675
-0.008109550923109055
0.01669839583337307
-0.017039094120264053
0.0014405138790607452
0.00523766502737999
-0.002188983839005232
0.022521503269672394
-0.00978753063827753
-0.007238337770104408
0.015459844842553139
0.008943786844611168
-0.002898626960813999
0.014092840254306793
-0.0008696506265550852
-0.04679490625858307
-0.018160557374358177
-0.008681319653987885
-0.01388811320066452
-0.0040823365561664104
-0.055195651948451996
0.017956802621483803
0.006657527759671211
-0.010665681213140488
-0.012720976956188679
-0.02553004026412964
-0.006550993770360947
-0.006182330194860697
-0.026050306856632233
0.034246038645505905
-0.023601800203323364
-0.0300056803971529
-0.004542339127510786
-0.036461763083934784
-0.004880476742982864
-0.004237660206854343
0.021295778453350067
0.013622739352285862
0.061933860182762146
0.008349908515810966
-0.007722166366875172
-0.036717433482408524
-0.011979280039668083
0.024856844916939735
-0.016782544553279877
-0.011335911229252815
-0.005714914295822382
-0.018743911758065224
0.0038281832821667194
-0.030650436878204346
-0.027737483382225037
-0.006653857417404652
0.01878407597541809
0.008985375985503197
-0.012300452217459679
0.02442234568297863
-0.009383279830217361
0.037307385355234146
-0.0317576564848423
0.007813818752765656
-0.02042878046631813
-0.04192249849438667
-0.01864789053797722
-0.012647414579987526
-0.002459845505654812
0.012008179910480976
-0.026353223249316216
0.036590684205293655
-0.006129534915089607
0.002301180735230446
0.0010819272138178349
0.007364558055996895
0.0075450981967151165
0.005390461068600416
-0.013272895477712154
0.017750181257724762
0.027618320658802986
0.006618266925215721
0.004695993848145008
0.022794540971517563
-0.03477758914232254
-0.006021569017320871
0.0015202045906335115
-0.006872711703181267
0.012223846279084682
0.04903753846883774
0.002573080360889435
-0.03113737888634205
0.011492704972624779
0.006196698173880577
-0.007444580085575581
-0.012800246477127075
-0.008766213431954384
-0.03319361433386803
0.0076280198991298676
-0.007503214292228222
0.006077148951590061
-0.035195428878068924
-0.01106133684515953
0.03225673362612724
0.019513851031661034
0.024314679205417633
-0.004880494438111782
0.02259403094649315
-0.03297080844640732
0.0021829281467944384
0.033725861459970474
0.02003825083374977
0.020861459895968437
-0.03978265821933746
-0.032941509038209915
-0.0009885919280350208
-0.01632220856845379
-0.005963117815554142
-0.007582222577184439
-0.00011193333193659782
-0.010028914548456669
-0.01715254783630371
0.021374182775616646
0.008759033866226673
-0.025592293590307236
0.04215210676193237
-0.002459381241351366
0.013132555410265923
-0.03691039979457855
-0.007016635499894619
0.005452735349535942
0.016772734001278877
-0.022423338145017624
0.05059461295604706
0.02470465935766697
-0.034056324511766434
0.006875335238873959
0.002970511093735695
0.031990040093660355
-0.021196354180574417
-0.034851886332035065
0.0015676268376410007
0.0017391599249094725
0.0023521436378359795
-0.039877016097307205
-0.03391725569963455
-0.0066549042239785194
-0.09746810793876648
0.002317096572369337
0.06333968043327332
-0.0009600316407158971
-0.007368555758148432
0.01876530982553959
-0.015546933747828007
0.031004497781395912
-0.015472613275051117
-0.010527580045163631
-0.011076468043029308
0.007764921523630619
0.011933858506381512
0.0100874537602067
0.006015957333147526
0.0028475678991526365
0.012161077931523323
-0.048860251903533936
-0.03702840954065323
0.04461219534277916
0.003827290842309594
0.018847888335585594
0.02619955688714981
0.016630062833428383
0.009430598467588425
-0.05061747506260872
0.013720555230975151
0.021915318444371223
-0.038578346371650696
0.02285125106573105
-0.01825243979692459
0.009871087037026882
-0.012470840476453304
0.0033167500514537096
-0.05657968670129776
-0.002332134172320366
0.005778813734650612
-0.009930639527738094
-0.005928833037614822
0.01662508025765419
0.01029914803802967
0.01605290174484253
-0.011546285822987556
-0.023390641435980797
-0.0005681640468537807
0.03698590397834778
0.0305887870490551
-0.04755352810025215
-0.003009144449606538
0.004367404617369175
0.009669666178524494
-0.02092079073190689
-0.02079533413052559
-0.03355587273836136
0.011362627148628235
0.02923877164721489
0.008097358047962189
-0.0003402795409783721
-0.013151973485946655
-0.02167527936398983
-0.010881360620260239
0.00970950722694397
0.006754126399755478
-0.008791853673756123
-0.00445112120360136
0.0024926848709583282
0.011816729791462421
0.015538904815912247
0.030542347580194473
-0.061809103935956955
0.005527203436940908
0.023330427706241608
-0.03854212537407875
0.04108556732535362
0.029461093246936798
0.010193176567554474
0.012448467314243317
0.0034898556768894196
-0.021512482315301895
-0.01183739397674799
0.005286842118948698
-0.010768349282443523
0.026956619694828987
0.03873204439878464
-0.02237003482878208
-0.02155361697077751
-0.001129022566601634
0.0004295255057513714
-0.012986594811081886
0.018053343519568443
0.030231008306145668
0.016348131000995636
0.009680277667939663
-0.019612878561019897
0.020715240389108658
-0.012775499373674393
-0.009040157310664654
0.023979555815458298
-0.0002843635156750679
-0.0011574551463127136
0.0077125015668570995
0.007234605494886637
0.003605361096560955
-0.008770963177084923
-0.029351839795708656
0.013509503565728664
-0.013347283937036991
0.011420110240578651
-0.025999095290899277
0.014094110578298569
0.026727445423603058
0.0056255776435136795
0.011292259208858013
0.008409319445490837
0.021608997136354446
-0.008992566727101803
0.00943662691861391
-0.0066031767055392265
0.012873080559074879
0.006951865740120411
-0.0050776563584804535
0.004139348864555359
0.04667408764362335
-0.004965166561305523
0.004278433043509722
-0.001974183600395918
-0.024150311946868896
-0.011667488142848015
0.020283473655581474
0.01834501512348652
-0.051678065210580826
0.0359453484416008
-0.037022028118371964
-0.014472339302301407
0.018888229504227638
-0.022642504423856735
0.024400731548666954
0.009947912767529488
0.017193716019392014
-0.03397055342793465
-0.01580802910029888
0.012036130763590336
0.045066483318805695
0.00016940059140324593
0.0509415902197361
0.0034114031586796045
-0.012062495574355125
0.013401438482105732
-0.0073694102466106415
0.0061437273398041725
-0.037475232034921646
0.00783079955726862
0.010294511914253235
-0.005024679936468601
-0.04382363334298134
-0.04705379903316498
-0.03325381502509117
-0.03851564601063728
EMBEDDING ENDS
