EMBEDDING BEGINS
0.002684737090021372
-0.0005896252114325762
0.019536776468157768
0.017109787091612816
-0.0032790389377623796
0.0028458561282604933
-0.006958267651498318
0.002252311911433935
0.008117102086544037
0.0005817105993628502
-0.010926305316388607
-0.014436166733503342
-0.0016836832510307431
0.00031092623248696327
-0.0001560528762638569
0.016382137313485146
0.015339375473558903
0.022270044311881065
0.00042386201675981283
-0.0042407154105603695
0.02525363303720951
-0.0010204249992966652
0.0010355064878240228
-0.002486747456714511
0.012486451305449009
-0.005960422568023205
-0.003271407913416624
-0.03767453506588936
0.03994889184832573
-0.003706743475049734
0.007284998893737793
0.009690210223197937
0.01835785061120987
0.0016639058012515306
0.018970897421240807
0.011377371847629547
-0.03994382545351982
-0.008642313070595264
-0.00023291120305657387
-0.021235888823866844
-0.013206330128014088
0.003217673860490322
-9.90887638181448e-05
-0.0018153311684727669
-0.0001762968022376299
0.00162447988986969
0.005027031060308218
-0.013151139952242374
-0.014816127717494965
0.028312698006629944
-0.02718500792980194
-0.003267826046794653
-0.027195315808057785
-0.0031874128617346287
-0.008660048246383667
0.015491743572056293
0.0020646988414227962
0.002150951651856303
-0.002142750658094883
-0.01630261354148388
-0.019305139780044556
0.021598506718873978
0.005724592600017786
-0.0018264565151184797
-0.018029019236564636
-0.026148660108447075
0.02963460050523281
-0.024316295981407166
-0.02921333909034729
0.0007624552235938609
0.0291939377784729
-0.00755817536264658
0.002756647067144513
-0.021115655079483986
0.008094660937786102
0.0083012031391263
-0.005049397703260183
-0.015459365211427212
-0.00478955777361989
0.009466237388551235
0.026839865371584892
-0.01691988855600357
-0.007501313462853432
0.015503336675465107
0.0012794143985956907
0.0015502998139709234
0.014684503898024559
0.02820202335715294
-0.020895173773169518
-0.011587795801460743
-0.009524243883788586
-0.0064093200489878654
0.01690581627190113
-0.009650291875004768
0.0009126358781941235
0.013287653215229511
-0.007251432631164789
0.018335243687033653
0.0020724746864289045
-0.013464376330375671
-0.007606400176882744
-0.021027976647019386
0.03430531919002533
-0.0025558709166944027
-0.002922634594142437
-0.004701413679867983
0.01692071557044983
-0.028282586485147476
-0.0037401337176561356
-0.00636344775557518
0.01619221642613411
-0.018496915698051453
-0.007326901890337467
0.030536692589521408
0.017260219901800156
-0.009798971936106682
-0.00038141029654070735
0.03328932821750641
-0.005594066344201565
-0.007861987687647343
0.007300862111151218
0.025004779919981956
0.010308567434549332
0.011296886950731277
-0.012020871974527836
0.00305458577349782
-0.0177367702126503
0.023124653846025467
-0.007879452779889107
0.019212784245610237
-4.9510737881064415e-05
0.012290085665881634
0.019194934517145157
-0.008260075934231281
-0.011783021502196789
0.001542204525321722
0.013680783100426197
-0.02136017009615898
-0.019351234659552574
0.021388161927461624
0.01579820178449154
-0.016952792182564735
0.008901112712919712
-0.013062411919236183
-0.012836714275181293
-0.0010321983136236668
-0.01089254766702652
-0.021731480956077576
-0.011796328239142895
-0.009639870375394821
0.01495696697384119
0.009039931930601597
-0.03133389726281166
0.0037210427690297365
0.01264861598610878
-0.023039739578962326
-0.01720690354704857
0.029703184962272644
0.014900855720043182
0.008813907392323017
-0.012882441282272339
-0.0055975280702114105
-0.003915594425052404
-0.012218059040606022
-0.0035294806584715843
0.015424029901623726
-0.009703000076115131
-0.012481322512030602
-0.012720692902803421
-0.03521496802568436
0.009460740722715855
0.01416647806763649
-0.0035404458176344633
-0.001863014418631792
0.013577642850577831
-0.009168799966573715
0.024983370676636696
0.011864435859024525
-0.001430183183401823
-0.00758359907194972
0.005899373907595873
-0.03070148080587387
0.010021987371146679
0.03987041860818863
-0.007160753011703491
-0.003324661636725068
-0.036917850375175476
-0.006071141920983791
-0.010620955377817154
-0.012045230716466904
0.011254134587943554
-0.014659176580607891
-0.018302716314792633
0.0009628946427255869
-0.007567708380520344
0.04446252062916756
0.0017155311070382595
0.016141673550009727
0.01474349107593298
-0.018178990110754967
-0.0015646186657249928
-0.014576978050172329
0.007452871650457382
0.011761309579014778
0.020065486431121826
0.01284461747854948
0.016837505623698235
0.01085972785949707
0.027118463069200516
-0.008555694483220577
0.004054390825331211
0.013590105809271336
-0.006170277018100023
0.0015513517428189516
-0.0173517893999815
-0.02083340846002102
0.006930895149707794
-0.006436535157263279
0.0059517319314181805
-0.013540788553655148
0.01911408081650734
-0.012843501754105091
-0.0032962483819574118
-0.009454688057303429
-0.017869066447019577
-0.013041593134403229
-0.009376279078423977
-0.03499962389469147
-0.016334548592567444
0.022385582327842712
0.007914312183856964
-0.0035591055639088154
0.013940423727035522
-0.00026196218095719814
0.0013581367675215006
0.031379710882902145
0.011577197350561619
-0.0091320239007473
0.006752020679414272
-0.0012232353910803795
-0.00023818959016352892
-0.0116543248295784
0.006781941745430231
0.003927672281861305
-0.003937792498618364
0.005308535881340504
0.011797529645264149
0.0164802186191082
-0.010566730052232742
0.02023882232606411
0.005008107982575893
0.009996735490858555
-0.003095709253102541
0.0026241899468004704
0.014527925290167332
-0.00557731743901968
-0.004036419093608856
0.007996884174644947
0.01486948411911726
0.007118916139006615
0.025221416726708412
-0.011166664771735668
0.020635198801755905
0.03864526376128197
-0.026679592207074165
-0.0018432594370096922
0.004187149461358786
0.005913613364100456
0.0017889324808493257
-0.014038998633623123
0.005046509206295013
-0.009268098510801792
0.022532470524311066
-0.0036843162961304188
0.009168501943349838
-0.006671586539596319
-0.0020327260717749596
-0.02266484871506691
0.0016108668642118573
-0.0038439370691776276
-0.004676822107285261
0.0030564875341951847
0.0012795678339898586
-0.0028872101102024317
0.004158929456025362
-0.008604327216744423
-0.025163671001791954
0.000385111547075212
0.01244262233376503
-0.0169374942779541
0.029068659991025925
-0.010490156710147858
0.005282075610011816
-0.004035227466374636
-0.004403650760650635
0.017080433666706085
-0.0013880589976906776
0.0022026649676263332
0.018254386261105537
-0.04782593250274658
0.007355173584073782
-0.00620806310325861
-0.020104872062802315
-0.014193657785654068
-0.0010543661192059517
0.017743270844221115
-0.010073543526232243
0.008822428062558174
-0.0029196925461292267
-0.001095613930374384
0.0035912480670958757
-0.007675103843212128
0.0007559052901342511
0.010712171904742718
0.01311884168535471
0.029843352735042572
-0.018331903964281082
-0.011258622631430626
-0.00046790100168436766
0.008758538402616978
0.002864894922822714
-0.009743317030370235
0.002603200264275074
0.005958993919193745
0.011356642469763756
-0.02872302010655403
-0.008382191881537437
0.0200361255556345
-0.00041908049024641514
0.009339100681245327
-0.012312454171478748
-0.00163649907335639
-0.012340161949396133
-0.007186674512922764
0.018077898770570755
0.00030018750112503767
-0.00017819111235439777
-0.009868979454040527
-0.03309238329529762
-0.01873124949634075
-0.010392860509455204
0.025965439155697823
-0.02045937441289425
-0.009944652207195759
-0.021764623001217842
-0.002972706686705351
-0.015413528308272362
-0.002464252058416605
-2.4258304620161653e-05
-0.018743831664323807
0.020580226555466652
-0.011184796690940857
0.0033911648206412792
0.0036276006139814854
-0.0214492566883564
0.016771309077739716
0.03194475919008255
0.006402564235031605
0.003067450365051627
-0.026447327807545662
-0.0035695163533091545
0.022794416174292564
0.04815366864204407
0.010258078575134277
-0.01665993221104145
-0.009878712706267834
-0.0003406028263270855
-0.0021471534855663776
-0.012088545598089695
0.013730977661907673
0.003267938969656825
-0.029049102216959
-0.016661223024129868
0.0027987335342913866
0.012754648923873901
-0.004504329990595579
0.005536293610930443
-0.00453886017203331
0.002463450189679861
0.003709191456437111
-0.00461531151086092
0.007184165995568037
0.01984083279967308
0.020385459065437317
-0.004281927831470966
-0.0059686871245503426
-0.024971429258584976
-0.021465234458446503
0.03311222791671753
-0.0026790450792759657
-0.011311013251543045
0.007374740205705166
0.013350887224078178
0.011661109514534473
-0.008812732994556427
0.012851744890213013
-0.020820703357458115
-0.02312370575964451
-0.0002205453929491341
0.007341855205595493
0.02109360508620739
-0.02214982360601425
-0.016413060948252678
-0.005465265829116106
-0.0009158353204838932
-0.01791982538998127
0.026071133092045784
-0.011086576618254185
-0.014612256549298763
0.005219827871769667
0.012039510533213615
0.00941385980695486
0.024202363565564156
0.023006560280919075
-0.011684481054544449
-0.0252024345099926
-0.005702447146177292
-0.019596949219703674
-0.03525444492697716
-0.01345034595578909
-0.024016492068767548
0.027881421148777008
-0.025492649525403976
0.026955382898449898
0.011174241080880165
-0.002702313009649515
0.012056794948875904
-0.01157991960644722
0.014511967077851295
0.003542633494362235
0.00101775536313653
0.012829810380935669
-0.009457041509449482
-0.010525352321565151
0.011124767363071442
0.012069649063050747
0.003768540918827057
0.00157065165694803
0.0118744857609272
0.0016866102814674377
-0.0032531018368899822
-0.0202670656144619
-0.008280497044324875
0.011148480698466301
0.0034348145127296448
0.0145729323849082
0.005335089284926653
-0.009854566305875778
0.01344760600477457
0.0028107361868023872
-0.003846435807645321
-0.0055642942897975445
-0.014014546759426594
0.010857941582798958
0.02155710943043232
-0.015340214595198631
0.018899111077189445
-0.001859960611909628
0.0018640351481735706
-0.013075649738311768
-0.004488874692469835
-0.023009950295090675
-0.01930217072367668
0.00016533293819520622
0.0043695904314517975
-0.00995054841041565
-0.002137926407158375
-0.00977378524839878
-0.0016639076638966799
0.00394575297832489
0.00392881128937006
-0.005609543528407812
-0.00762761477380991
0.010914882645010948
0.010416527278721333
-0.00012699933722615242
-0.0032382106874138117
0.011339893564581871
-0.009242256172001362
0.0033525077160447836
-0.005450110882520676
0.015375647693872452
-0.017158538103103638
0.010806582868099213
0.01084339153021574
-0.02104048803448677
-0.01916315220296383
0.012127015739679337
-0.011818011291325092
-0.0012503738980740309
0.004408025648444891
-0.016445660963654518
0.02321776933968067
0.020161334425210953
-0.015403585508465767
0.022651193663477898
0.0025672893971204758
0.003523531835526228
0.016453612595796585
0.007026447914540768
-0.006460823584347963
0.010520190931856632
0.0029712566174566746
0.00357574550434947
-0.014326713979244232
0.011279620230197906
0.004758461378514767
-0.026237323880195618
0.017508268356323242
0.005324057303369045
0.01957055553793907
-0.012508083134889603
-0.004762629047036171
-0.006808854639530182
-0.007363808341324329
0.011219359003007412
-0.0053412592969834805
0.005622340831905603
-0.012453052215278149
0.007001824676990509
0.0065287328325212
-0.00400641979649663
-0.021370848640799522
0.00776625657454133
0.005618469789624214
-0.025184011086821556
0.0020518070086836815
-0.011821256950497627
-0.01953130029141903
-0.0189081821590662
-0.001566857099533081
0.01462051086127758
-0.0004294849350117147
-0.005215724464505911
0.005376797169446945
0.0009690262377262115
-0.0034037665463984013
0.005433135665953159
-0.02208612486720085
-0.019375141710042953
0.0015913043171167374
-0.0007377469446510077
0.008623672649264336
0.007672169711440802
0.0014738845638930798
0.004228384234011173
-0.004737374372780323
0.011539371684193611
-0.000329922535456717
-0.006630685180425644
0.0002554908860474825
-0.001696017337962985
-0.0023802481591701508
0.015164609998464584
-0.0013208624441176653
-0.00012954522389918566
-0.0007575077470391989
-0.0007525942637585104
0.0013665356673300266
0.010797030292451382
-7.008147076703608e-05
0.009042506106197834
-0.007456934079527855
-0.008520885370671749
0.005103543866425753
0.00752077903598547
0.013535151258111
-0.03058534301817417
-0.001516546355560422
0.008929360657930374
-0.002497150329872966
0.008141579106450081
0.020608877763152122
0.00759874889627099
0.0047746459022164345
-0.03238518536090851
-0.012149629183113575
-0.0048894258216023445
0.012363666668534279
-0.033230580389499664
0.0028894213028252125
-0.004275292158126831
0.017224645242094994
-0.015721231698989868
-0.04037193953990936
-0.005166857037693262
0.0018232347210869193
0.023773573338985443
0.02929391711950302
-0.0017540395492687821
-0.018148019909858704
0.0028467015363276005
-0.01154514029622078
-0.002260447246953845
-0.004555834457278252
0.018001636490225792
0.019030895084142685
0.005508644971996546
-0.023751217871904373
-0.015868719667196274
-0.014775460585951805
-0.0070964861661195755
0.008495246060192585
-0.00039293430745601654
-0.0030839380342513323
-0.02727680280804634
-0.014797749929130077
0.0014678675215691328
0.04058413207530975
-0.004554032348096371
0.005721895955502987
0.01186346635222435
0.008528165519237518
-0.028345031663775444
-0.01695484109222889
0.009021494537591934
0.02017628774046898
-0.005605274811387062
-0.009066025726497173
-0.010780051350593567
0.0062592350877821445
0.012907005846500397
-0.01608128659427166
0.0018619259353727102
0.030715258792042732
-0.0024818796664476395
0.025662759318947792
0.0037602607626467943
0.017440123483538628
0.009913606569170952
-0.019038420170545578
-0.02115035429596901
0.0018667068798094988
0.021667303517460823
0.00732127670198679
-0.013824486173689365
0.00816715881228447
-0.009964103810489178
-0.005701976828277111
-0.0010577653301879764
0.03772478550672531
0.001181046012789011
-0.0010191452456638217
-0.026204342022538185
-9.841052815318108e-06
-0.003536023898050189
0.009161928668618202
-0.0006461851880885661
0.0122914370149374
0.014433296397328377
-0.0066419024951756
0.0004926392575725913
-0.012878991663455963
-0.007226605899631977
-0.012761259451508522
0.027234528213739395
0.027543317526578903
0.004097746219485998
0.006958201993256807
0.0011959666153416038
-0.009988288395106792
-0.0076455166563391685
-0.012065130285918713
-0.017910687252879143
-0.015811558812856674
0.00499170646071434
-0.003777145640924573
-0.029176240786910057
0.01243439968675375
0.02591562271118164
0.005561714991927147
0.01336229220032692
0.011952744796872139
0.012397306971251965
-0.001471998868510127
-0.009252778254449368
0.00438437657430768
-0.0026995697990059853
-0.013972681947052479
-0.006490202620625496
0.0032691520173102617
0.03033473901450634
-0.01285605039447546
-0.01577216573059559
0.0006575476727448404
0.00995519757270813
0.001321176066994667
0.014391062781214714
-0.018017522990703583
0.002814712468534708
0.010423196479678154
-0.031024813652038574
0.006745518650859594
0.002042293781414628
-0.02393507771193981
0.009588724933564663
0.03834719583392143
0.017916765064001083
0.006777497939765453
-0.006171960383653641
-0.017853211611509323
0.011790133081376553
0.008476787246763706
-0.0025597247295081615
-0.005904626101255417
0.01891045644879341
0.017561456188559532
-0.01078051794320345
-0.010872399434447289
-0.00042277597822248936
-0.02060661092400551
-0.004077421501278877
0.0009660895448178053
0.007639418821781874
0.015643691644072533
-0.021000443026423454
-0.01600526086986065
-0.01662648282945156
-0.0031801247969269753
-0.003986525349318981
-0.005816996097564697
-0.005917771253734827
0.008145943284034729
-0.00918856542557478
-0.0015388175379484892
-0.0323336198925972
0.007478207349777222
0.011926311999559402
0.003469316754490137
0.00861646980047226
-0.0023273543920367956
-0.0010498020565137267
0.001202901592478156
0.012163469567894936
0.001941113849170506
0.00031399389263242483
0.012021942064166069
-0.0032638078555464745
-0.03343179449439049
-0.020038209855556488
-0.0002868270967155695
-0.006070070434361696
-0.015481463633477688
-0.04317452386021614
-0.0029862779192626476
-0.00031928729731589556
-0.04294416680932045
-0.0009797504171729088
0.022954698652029037
-0.00026224047178402543
0.011330187320709229
0.00221030181273818
0.01330521423369646
-0.015223503112792969
-0.008166292682290077
0.02212204411625862
-0.007866939529776573
0.017012150958180428
0.008289416320621967
-0.011310252360999584
0.03394332528114319
0.010996770113706589
0.023732274770736694
-0.010439461097121239
-0.015194369480013847
-0.005490903276950121
-0.001814749906770885
0.02162405289709568
0.009326260536909103
0.004537456203252077
0.011881142854690552
0.030888333916664124
-0.011751528829336166
-0.005258877296000719
0.0056795235723257065
0.0019074076553806663
0.006855388637632132
-0.004126718733459711
-0.01351521722972393
-0.02624337188899517
-0.011710685677826405
-0.0013996576890349388
-0.008259007707238197
-0.023943336680531502
0.00795662309974432
0.003132297657430172
0.020998742431402206
-0.005806528963148594
-0.01594502292573452
0.026057012379169464
0.015997786074876785
0.01279386319220066
0.0030405304860323668
-0.006805477198213339
0.010822169482707977
-0.021509718149900436
-0.0012775432551279664
-0.024281756952404976
0.006878121290355921
0.028673889115452766
-0.017787160351872444
0.011287368834018707
-0.008384100161492825
0.0024794000200927258
-0.021553276106715202
0.023091135546565056
0.0014575818786397576
-0.002835863037034869
0.010025790892541409
-0.0032850950956344604
-0.005616231355816126
0.005253239069133997
0.00967179611325264
-0.0031560640782117844
0.01071068737655878
0.0193905308842659
-0.012198338285088539
-0.017633961513638496
0.021769540384411812
-0.004436193499714136
0.05409945175051689
-0.01694023236632347
-0.0141159538179636
0.018660200759768486
-0.01805441454052925
-0.0038343514315783978
0.013313296250998974
-0.0057155294343829155
0.004312847275286913
0.026217279955744743
0.009525964967906475
0.0059768687933683395
-0.000562774483114481
-0.0053381603211164474
-0.014504248276352882
-0.005665178410708904
-0.011392446234822273
0.010366774164140224
-0.00587715208530426
-0.011936182156205177
-0.004244162701070309
-0.01992781274020672
-0.03041670098900795
-0.0153557900339365
0.006449999287724495
0.033156611025333405
0.019388776272535324
-0.003631722880527377
-0.0009958554292097688
-0.01729719340801239
-0.0029003918170928955
0.007774450350552797
-0.020250776782631874
0.012776115909218788
0.00819615088403225
0.003840642748400569
0.008863097056746483
-0.019512247294187546
0.013844428583979607
0.002366088330745697
0.007899520918726921
0.004254501312971115
-0.00959410797804594
-0.027178648859262466
0.018882133066654205
-0.02637357823550701
0.002366841770708561
0.011609485372900963
0.011693819426000118
0.013960600830614567
0.002894853474572301
0.0081010852009058
0.003835473209619522
0.010853680782020092
0.009789610281586647
-0.01699063740670681
-0.012301011011004448
0.004174141678959131
0.00393932219594717
-0.01918366178870201
-0.0002586105838418007
-0.0024535239208489656
0.01866561360657215
0.003653207328170538
0.02943350374698639
0.011560391634702682
0.006379245780408382
0.0016968769486993551
0.04561595246195793
-0.014073402620851994
-0.018597733229398727
0.027759607881307602
-0.011921725235879421
-0.019224749878048897
-0.01860913448035717
0.006091676652431488
-0.01241519208997488
0.007358173374086618
-0.02200881764292717
0.019589271396398544
-0.02214249223470688
0.028178151696920395
-0.007878179661929607
-0.020367581397294998
-0.01565912552177906
0.007697537541389465
0.00984296202659607
-0.013893580064177513
-0.013370854780077934
-0.011641103774309158
-0.0021313352044671774
-0.008574490435421467
0.008977771736681461
0.009007303975522518
0.01698770374059677
-0.012569043785333633
0.01966427080333233
0.013521510176360607
-0.03577771782875061
-0.009777083061635494
0.007456115446984768
-0.0004860715998802334
-0.006032208446413279
-0.0017214487306773663
-0.006458812393248081
-0.008845403790473938
0.002357400953769684
0.010650577954947948
-0.020683107897639275
-0.043330565094947815
0.009167063049972057
0.014481920748949051
-0.01013983879238367
0.015822362154722214
-0.014415007084608078
-0.01851356029510498
0.012146423570811749
-0.0003504163178149611
-0.00817117653787136
-0.012982266023755074
-0.0012805829755961895
-0.017697544768452644
-0.012368578463792801
-0.024848731234669685
0.01901458203792572
0.0017775342566892505
0.003926069010049105
-0.010152115486562252
-0.010969998314976692
-0.03220576047897339
0.017331570386886597
-0.028235871344804764
0.0012413166696205735
-0.0020122313871979713
0.004392419476062059
0.020523063838481903
0.0008692954434081912
0.010694136843085289
-0.010805446654558182
0.006761219352483749
0.0007012012647464871
-0.00933542475104332
-0.003456258913502097
0.013339445926249027
-0.0026937550865113735
-0.020536933094263077
0.02649247646331787
-0.014966287650167942
0.010233405977487564
0.003572250949218869
0.006039173807948828
0.012087784707546234
-0.012450175359845161
-0.024952750653028488
-0.004973921924829483
0.01803746074438095
0.006549036130309105
0.012745276093482971
0.0009552855044603348
0.003107416909188032
0.029124941676855087
0.003838901175186038
-0.002846340648829937
0.029233843088150024
-0.0336100272834301
-0.013900245539844036
0.008081619627773762
0.0010734626557677984
0.0017628800123929977
-0.010392608121037483
-0.0035016643814742565
-0.009527724236249924
-0.008072583004832268
-0.013602265156805515
0.0017796654719859362
-0.025349291041493416
-0.01049924548715353
0.0016742213629186153
-0.011027436703443527
0.0031182006932795048
-0.0005129165947437286
-0.009451325982809067
-1.636287197470665e-05
0.01130237802863121
-0.0004629031755030155
0.024178680032491684
0.007477107923477888
0.01358825620263815
-0.0050885556265711784
0.00854618288576603
0.010232042521238327
0.005004520528018475
-0.010167748667299747
0.001870647887699306
-0.001996947918087244
-0.002991680521517992
-0.015352598391473293
0.009293347597122192
-0.03866007551550865
0.005506554618477821
0.011411617510020733
0.03883253410458565
-0.00754561647772789
-0.011198115535080433
EMBEDDING ENDS
