EMBEDDING BEGINS
-0.012752494774758816
-0.015157708898186684
0.022005172446370125
0.022407235577702522
-0.008741991594433784
-0.004454932175576687
0.02057764306664467
0.014705399051308632
-0.014966282062232494
0.020597008988261223
0.025255072861909866
-0.008126857690513134
-0.0054404460825026035
0.0109464256092906
0.0036590658128261566
0.017750684171915054
0.0005332138389348984
0.02053111232817173
0.019159842282533646
-0.006136816460639238
-0.009854939766228199
-0.002101082820445299
0.0005845975829288363
-0.00681809987872839
0.018669694662094116
0.006629001349210739
-0.020165331661701202
-0.031164757907390594
0.0035624499432742596
-0.009357055649161339
-0.021385706961154938
-0.0063708508387207985
0.025705991312861443
0.014943651854991913
0.02361723780632019
0.013476278632879257
-0.0017687826184555888
-0.020189840346574783
-0.033425506204366684
-0.006604982540011406
-0.020946402102708817
0.022728973999619484
0.009962011128664017
-0.008123168721795082
-0.00022429763339459896
-0.001308761420659721
0.005012379959225655
-0.013478348031640053
-0.03740701079368591
0.014707759022712708
-0.0059219240210950375
0.004042355809360743
0.005577770993113518
0.02144128642976284
0.004700385499745607
0.0009403442963957787
0.01970556378364563
0.011289361864328384
0.009881161153316498
-0.0073450845666229725
-0.02492864802479744
0.007441042922437191
0.031398575752973557
-0.015257388353347778
-0.008702239952981472
-0.0027098157443106174
0.015816424041986465
-0.03527162969112396
-0.021183885633945465
-0.03333789110183716
0.010380584746599197
-0.01501299999654293
-0.017953749746084213
-0.0022504027001559734
0.012592223472893238
0.02582623064517975
0.0015914246905595064
-0.018670497462153435
-0.005690738093107939
0.00884954072535038
-0.0070145102217793465
-0.020854899659752846
0.02383897826075554
0.018958348780870438
-0.0032122675329446793
-0.003615438938140869
-0.010994570329785347
0.0031535769812762737
0.0005804681568406522
-0.017884228378534317
-0.02325609140098095
0.020667362958192825
0.009303382597863674
-0.0025546541437506676
-0.011177513748407364
0.005961413029581308
-0.0011978473048657179
0.018185000866651535
-0.02329067885875702
-0.0183732733130455
-0.006666226778179407
-0.013314541429281235
0.02752116322517395
0.02349562756717205
-0.006446057930588722
0.0022528243716806173
0.03269639238715172
-0.03559410199522972
-0.02174510806798935
0.008244148455560207
0.023137999698519707
-0.000607647467404604
-0.00750014279037714
0.024703390896320343
0.035198379307985306
-0.016806676983833313
0.025684142485260963
0.01660417765378952
-0.014980558305978775
-0.019134964793920517
-0.01661514863371849
0.01697283424437046
0.002957794815301895
0.014148058369755745
0.0034150397405028343
-0.0015358467353507876
-0.0037867168430238962
-0.00961958896368742
-0.02196367457509041
0.016102410852909088
-0.004937395453453064
-0.02592390403151512
0.01013366598635912
-0.016192981973290443
-0.02973162941634655
0.01931511051952839
-0.012969674542546272
0.041119664907455444
-0.01908334344625473
-0.007532889489084482
-0.024901501834392548
-0.008739158511161804
0.047918252646923065
-0.018583254888653755
-0.037507716566324234
0.014807694591581821
0.0039187949150800705
0.0006348756141960621
-0.007760872133076191
-0.015397262759506702
0.030504340305924416
-0.008646355010569096
-0.006735927425324917
-0.030263815075159073
0.00637552235275507
-0.036425258964300156
-0.023904087021946907
0.015373347327113152
0.010274444706737995
-0.007540807127952576
0.0008474527858197689
-0.01447934377938509
-0.0061024948954582214
-0.038755644112825394
-0.002603324130177498
-0.003508156631141901
0.014152491465210915
-0.02238810621201992
-0.013760837726294994
-0.025143425911664963
-0.007288265973329544
0.005513488780707121
-0.002420370699837804
-0.0036848564632236958
0.017585376277565956
-0.017186831682920456
0.016303526237607002
-0.002704249694943428
-0.0002510983031243086
-0.022074531763792038
0.001954884035512805
-0.014657147228717804
0.022603744640946388
0.02174205891788006
0.011011369526386261
0.0008793526794761419
-0.02078494057059288
0.020034780725836754
-0.0020333658903837204
-0.0322781465947628
0.027540458366274834
0.001849516062065959
-0.008209104649722576
0.014107739552855492
0.0044088177382946014
0.0384669192135334
-0.01262695249170065
-0.0002975624520331621
0.0022727560717612505
-0.009402425959706306
0.0037035138811916113
-0.0188254714012146
-0.006680770311504602
0.01359494123607874
-0.00259667681530118
-0.008884762413799763
0.04025682061910629
-0.019496707245707512
0.009924385696649551
-0.012252770364284515
9.338534437119961e-05
-0.041621506214141846
0.008436130359768867
0.02592899650335312
-0.018075117841362953
0.006388361565768719
0.013050691224634647
-0.03296681120991707
0.008075645193457603
-0.0012303900439292192
0.02916829101741314
0.018546955659985542
0.008338995277881622
-0.005847107619047165
-0.02535533718764782
-0.01505111064761877
-0.022146888077259064
-0.023229209706187248
-0.012547708116471767
0.010385614819824696
-0.0011956766247749329
0.003901195712387562
-0.013440478593111038
-0.016958657652139664
-0.001295724418014288
0.026990916579961777
-0.008829415775835514
0.0078079286031425
-0.019066065549850464
-0.016988884657621384
0.030728988349437714
-0.02276036888360977
0.00256510847248137
-0.017152970656752586
-0.011500163935124874
0.0031536193564534187
0.025092817842960358
0.023036397993564606
-0.022897925227880478
-0.002644809428602457
0.021768344566226006
0.0005683400086127222
-0.029854893684387207
0.00534887844696641
0.0032193141523748636
-0.015286092646420002
0.0041584353893995285
0.017250200733542442
0.004395250231027603
0.006793471053242683
0.006167076528072357
-0.022759372368454933
0.01567620225250721
0.007092914544045925
0.000393805792555213
0.019642803817987442
-0.011293170042335987
-0.0035439087077975273
-0.01606275513768196
-0.012777800671756268
-0.0032376416493207216
-0.008809754624962807
-0.015457607805728912
0.02960987016558647
0.01719614490866661
0.007423052564263344
0.009555122815072536
-0.021916093304753304
0.0029667105991393328
-0.013297783210873604
0.008092908188700676
0.025736622512340546
0.006932753603905439
0.028272083029150963
-0.0006169340340420604
-0.004008191172033548
-0.0060878777876496315
0.006474015768617392
0.0222310833632946
-0.003438986837863922
0.028394367545843124
0.01064415741711855
0.014402050524950027
0.007741467095911503
-0.006531828083097935
0.017387256026268005
0.009933091700077057
-0.006788278929889202
0.0361798033118248
0.007844854146242142
0.0018171195406466722
0.004268903285264969
-0.019176339730620384
-0.007045977748930454
-0.02863830327987671
0.009904876351356506
-0.0009717016946524382
0.021589547395706177
-0.013413406908512115
-0.003820890560746193
-0.003100173082202673
-0.015470331534743309
0.01632189005613327
0.017154784873127937
-0.0019255838124081492
0.019676752388477325
-0.027986152097582817
0.012453100644052029
0.007778341881930828
0.0066840266808867455
0.006221678573638201
-0.014557473361492157
0.008339033462107182
0.0017632173839956522
0.007942989468574524
-0.01304498128592968
0.004744981415569782
0.0035497539211064577
-0.00388164515607059
0.00302375596947968
-0.0194652508944273
-0.017276626080274582
-0.012895029038190842
-0.0299525186419487
-0.0134506830945611
0.004414791241288185
-0.014361738227307796
-0.0281930323690176
0.016815882176160812
-0.007905125617980957
-0.0036282658111304045
0.0297018364071846
-0.00914115458726883
0.014140352606773376
-0.034382812678813934
-0.0271728727966547
-0.013019818812608719
0.010939675383269787
0.003912013024091721
0.006471226457506418
0.01853429153561592
-0.026052504777908325
0.013634968549013138
-0.005356523673981428
-0.019043492153286934
-0.010313130915164948
0.006715040188282728
-0.005210081115365028
0.017399862408638
-0.016772769391536713
0.00014461600221693516
0.021741965785622597
-0.03563595190644264
0.008887466974556446
-0.015244846232235432
-0.01100616529583931
0.0188519936054945
-0.008654271252453327
-0.004590834490954876
0.0378962904214859
-0.00035335496068000793
-0.01838250271975994
-0.015567371621727943
-0.040081191807985306
0.0010920464992523193
0.001604023389518261
0.015574216842651367
-0.002842327579855919
-0.003933608066290617
0.030133532360196114
-0.03346855938434601
-0.016194060444831848
-0.004713328555226326
0.0031224368140101433
0.026977183297276497
0.011868317611515522
-0.04851129651069641
-0.0033787405118346214
0.034442491829395294
-0.004433344583958387
-0.02944128029048443
0.009418700821697712
0.021694865077733994
-8.051120676100254e-05
-0.01182995643466711
0.030948590487241745
-0.0075076790526509285
0.015751900151371956
-0.004255448002368212
0.01654350757598877
0.010574603453278542
-0.02181607484817505
-0.009939750656485558
0.011391895823180676
-0.013245940208435059
-0.03429248183965683
0.0457003191113472
0.013588175177574158
0.00675234803929925
-0.0034826037008315325
0.009233813732862473
0.0004271417565178126
0.023419596254825592
0.006402016617357731
-0.009496099315583706
-0.020084625110030174
-0.0169050395488739
-0.045984651893377304
-0.017598789185285568
0.003027085680514574
-0.006650542374700308
0.06460393965244293
-0.02279624529182911
0.007883874699473381
9.85083170235157e-06
-0.008391687646508217
0.011626619845628738
-0.0019862595945596695
0.0024882927536964417
-0.0012876098044216633
-0.01097638625651598
0.01607336476445198
-0.002167578786611557
0.01604301482439041
0.003402335336431861
0.01309005357325077
0.012379813939332962
0.04115527123212814
-0.010760415345430374
-0.02301051840186119
-0.011336843483150005
0.024743545800447464
0.01303192600607872
0.03134695068001747
0.004198093432933092
0.0062242960557341576
-0.0030271396972239017
-0.0025812569074332714
-0.011959325522184372
-0.010065431706607342
0.004274994600564241
-0.0014186082407832146
0.01373298093676567
0.01754177361726761
0.0023757237941026688
-0.013890487141907215
-0.003990577533841133
0.019973110407590866
0.018303282558918
-0.0015596695011481643
-0.013356181792914867
-0.01196499913930893
-0.018897533416748047
-0.0031811026856303215
-0.009470396675169468
0.0022122105583548546
0.003170596668496728
-0.01611621119081974
0.024100515991449356
0.00520895654335618
-0.0398077517747879
-0.018111225217580795
0.008702444843947887
0.020107250660657883
0.0018029980128630996
-0.014889512211084366
-0.007663443218916655
0.012989934533834457
-0.007963945157825947
0.004768086597323418
-0.0166082251816988
0.011477488093078136
-0.009660905227065086
0.018366780132055283
0.015098213218152523
-0.014813849702477455
-0.02437780611217022
0.008457153104245663
-0.008875553496181965
0.01101489458233118
-0.006764410529285669
-0.014942239038646221
0.0010227991733700037
0.011657495982944965
0.010316583327949047
0.04066026955842972
0.01199258305132389
0.035739049315452576
0.012853109277784824
-0.02580193616449833
0.014051628299057484
-0.0039225369691848755
0.007027001120150089
0.008743777871131897
-0.009992369450628757
0.005582399200648069
-0.03283645212650299
-0.009562469087541103
0.009792903438210487
0.018905818462371826
-0.006812253501266241
-0.023068491369485855
-0.008989375084638596
0.01894078403711319
-0.014677080325782299
0.0001000046031549573
-0.013039199635386467
0.009492546319961548
-0.015061799436807632
-0.005891372449696064
-0.005147917661815882
-0.010425034910440445
-0.02588949166238308
0.015211358666419983
-0.0015355912037193775
-0.012944542802870274
-0.0038036275655031204
0.00012323958799242973
-0.005924197379499674
-0.004056421108543873
-0.009482938796281815
-0.005050713196396828
0.01099429465830326
0.014467611908912659
0.009373463690280914
0.027389464899897575
-0.017529556527733803
-0.031129663810133934
-0.017427563667297363
0.01661849394440651
0.024835651740431786
0.0061221253126859665
0.005843633785843849
0.009442266076803207
-0.020505936816334724
0.0020702804904431105
-0.007786213420331478
0.0016683395951986313
-0.038016900420188904
-0.023941563442349434
-0.01636520028114319
-0.002765665063634515
-0.0015233010053634644
0.014683272689580917
-0.003590493928641081
-0.007181320805102587
-0.005887260660529137
-0.041388820856809616
-0.00917564146220684
-0.004416431300342083
-0.013782504945993423
-0.002981745172291994
0.013971202075481415
0.02588631398975849
0.017367102205753326
-0.005887034814804792
-0.009859179146587849
-0.02104669064283371
-0.007053344510495663
-0.01749822311103344
0.010083723813295364
-0.026592111214995384
0.01325687300413847
0.020205805078148842
0.008648645132780075
-0.042787712067365646
-0.005167017690837383
-0.015491081401705742
-0.005320348776876926
-0.02493441477417946
0.0005093219224363565
-0.0226911511272192
0.006416069343686104
-0.00872240774333477
-0.02303174138069153
0.01667245477437973
-0.01846703514456749
0.008042467758059502
0.03461427241563797
0.021608131006360054
-0.018458167091012
0.008942695334553719
-0.006685877218842506
-0.0020529842004179955
-0.032523348927497864
0.015618965961039066
0.030171101912856102
-0.0006219018250703812
-0.025869961827993393
0.00934156496077776
-0.019437773153185844
0.024642445147037506
0.014312359504401684
-0.0024887260515242815
-0.02211352437734604
-0.008811740204691887
-0.019260559231042862
0.013314109295606613
0.019582506269216537
-0.004320194479078054
-0.019894057884812355
-0.027507523074746132
0.02619045041501522
-0.005272533744573593
-0.017680078744888306
-0.016066206619143486
-0.006050392985343933
-0.0047552818432450294
0.012890532612800598
-0.023223672062158585
0.009794714860618114
-0.005302106030285358
-0.01343442965298891
0.012144587934017181
-0.003375104395672679
0.013492129743099213
0.025447625666856766
-0.0047302027232944965
0.027573222294449806
0.0036673410795629025
-0.020113375037908554
-0.03052223101258278
-0.011567255482077599
0.014577800408005714
0.0020650667138397694
0.007636953145265579
0.0007210741750895977
0.00515963276848197
0.040291111916303635
-0.000865560956299305
0.024044804275035858
0.02217801846563816
0.0015287664718925953
-0.018103554844856262
-0.0012969628442078829
-0.004395659081637859
0.028738943859934807
-0.005667065270245075
0.03237520530819893
0.021684816107153893
0.023601403459906578
0.0038255422841757536
-0.0071943216025829315
-0.00556763494387269
0.0053762951865792274
0.012045146897435188
0.02556293085217476
-0.003021212760359049
0.002260679379105568
-0.00790397822856903
-0.017891695722937584
-0.005162056535482407
-0.007434641942381859
-0.015846971422433853
-0.02530449442565441
-0.011931514367461205
-0.019547244533896446
0.005044704303145409
0.008527291938662529
-0.0003751105396077037
0.010569744743406773
-0.005524820182472467
-0.0011025513522326946
0.004384361207485199
-0.016792558133602142
-0.04211842268705368
-0.018500201404094696
-0.011423550546169281
0.00332942814566195
0.010409782640635967
-0.025700155645608902
0.04710286855697632
0.02693489007651806
-0.02507106587290764
0.0003968228120356798
0.010931319557130337
0.017207611352205276
0.013675854541361332
-0.02647285722196102
0.004058802500367165
0.028702545911073685
-0.013068671338260174
0.016094055026769638
-0.007798525970429182
-0.0270032100379467
-0.007658316753804684
0.022162247449159622
0.01647886075079441
-0.028522804379463196
-0.0003084272611886263
-0.017612121999263763
-0.014318445697426796
0.018348371610045433
-0.005180263426154852
-0.0017329150578007102
0.007571681868284941
-0.011158440262079239
-0.013705658726394176
0.01123797707259655
-0.002829975914210081
0.030963584780693054
0.020131317898631096
0.021527839824557304
0.0012981913750991225
-0.007531458977609873
0.00658703688532114
-0.0028439341112971306
0.011051550507545471
0.006647958420217037
0.007108715362846851
0.0034812255762517452
-0.007373482454568148
0.005916371010243893
-0.00011335383169353008
-0.005054782144725323
-0.01569204218685627
0.019348567351698875
0.004155009053647518
-0.016354158520698547
-0.011633595451712608
0.009024381637573242
-0.01629025861620903
0.02706773951649666
0.025335976853966713
-0.012197595089673996
-0.04518171772360802
0.01630282774567604
0.02704920619726181
-0.015196004882454872
-0.023191971704363823
0.006897762417793274
0.011700776405632496
-0.008435934782028198
-0.02260388806462288
0.016075989231467247
-0.03298700228333473
-0.022140158340334892
0.015980923548340797
0.009589632973074913
0.00826738029718399
-0.014271850697696209
0.0004533252213150263
0.011705132201313972
0.012081003747880459
-0.03541894257068634
0.028382504358887672
-0.01431299839168787
0.017290353775024414
0.01097565796226263
0.017898038029670715
0.010682206600904465
0.0008432921022176743
0.01663258671760559
0.0056638410314917564
0.0005966712487861514
-0.008658254519104958
0.016035698354244232
0.016042420640587807
-0.006024972070008516
0.010594730265438557
-0.003569399006664753
0.002824984025210142
-0.0057124188169837
-0.002392925089225173
0.024416597560048103
0.0005534691154025495
0.0018546052742749453
0.011011318303644657
0.00341778458096087
-0.006260992959141731
-0.0072546242736279964
-0.00032343342900276184
-0.002183983102440834
-0.0022543747909367085
0.03873315453529358
0.010328552685678005
0.011061887256801128
0.0026433514431118965
-0.03194568306207657
0.03485731780529022
-0.002058152575045824
0.016249464824795723
0.018477119505405426
0.007856704294681549
0.0035831136628985405
-0.021701009944081306
-0.006718951277434826
-0.0034169903956353664
-0.00363201554864645
0.017239443957805634
-0.002747755264863372
0.0012481630546972156
0.000350648770108819
0.002166374819353223
-0.010043324902653694
0.03756801784038544
-0.006120985373854637
-0.005596758332103491
-0.008174562826752663
0.0037403497844934464
0.004850615747272968
-0.002925318432971835
-0.0037169363349676132
-0.022370075806975365
-0.017865058034658432
0.01756206899881363
0.006523984484374523
0.011727939359843731
0.001428910531103611
-0.011446986347436905
0.029952146112918854
0.0030204015783965588
0.01909867860376835
0.007193382363766432
-0.008388143964111805
-0.014426206238567829
0.011145561933517456
-0.014224222861230373
0.012219013646245003
0.027473337948322296
-0.03676176443696022
0.006918291095644236
0.012563415803015232
0.002616907935589552
-0.021326376125216484
-0.015243480913341045
0.012359771877527237
0.014980534091591835
0.013593411073088646
-0.011659129522740841
-0.0018549344968050718
-0.012207742780447006
-0.017165543511509895
0.000720007810741663
0.015381778590381145
0.003604015102609992
0.016371989622712135
-0.013610772788524628
0.020149165764451027
-0.003425637725740671
0.009635666385293007
0.0018117893487215042
-0.00977703370153904
0.020845672115683556
0.019490450620651245
-0.0015151170082390308
0.0273353960365057
-0.023502832278609276
-0.004347578156739473
-0.037350691854953766
-0.005090261809527874
-0.01148232538253069
-0.008858554065227509
0.0058222124353051186
0.014842774718999863
-0.01760130748152733
-0.01032581739127636
0.008961398154497147
0.027463020756840706
0.012032569386065006
-0.029191341251134872
0.016577258706092834
-0.014769797213375568
-0.02028430998325348
0.014738736674189568
0.014497926458716393
-0.024401934817433357
-0.03049466386437416
0.036929018795490265
-0.0010673501528799534
-0.008054936304688454
-0.023232148960232735
0.029416609555482864
-0.016611531376838684
0.031655099242925644
0.010465922765433788
0.002550138859078288
0.0038652801886200905
0.014278644695878029
0.0005190239753574133
-0.025245944038033485
0.002693572547286749
-0.0006006706971675158
-0.03355209156870842
-0.0032080630771815777
-0.00566326268017292
-0.004869227297604084
0.012772062793374062
-0.0020902242977172136
-0.0014967798488214612
0.02123669534921646
0.017091523855924606
-0.0007079901406541467
-0.0124118123203516
-0.003541366197168827
-0.00014210143126547337
-0.018482916057109833
0.0036996114067733288
-0.02328004315495491
-0.00600847415626049
-0.005821475759148598
-0.0014554057270288467
0.020296964794397354
0.020271824672818184
0.02326918952167034
-0.015286261215806007
0.003696669591590762
0.010638718493282795
-0.022378623485565186
-0.014472248032689095
-0.005289510358124971
0.005867304280400276
0.014734085649251938
-0.008703937754034996
0.02542736381292343
-0.03740962967276573
0.003429377917200327
0.025149978697299957
-0.02387458086013794
-0.008547050878405571
0.008178269490599632
0.04488144442439079
0.017624063417315483
0.012774482369422913
0.00120073021389544
0.02978450059890747
0.01905117556452751
-0.0248245969414711
-0.007534551899880171
-0.008490050211548805
0.01862138882279396
-0.0037964743096381426
0.009690193459391594
-0.0327746756374836
0.0006249132566154003
0.004515437874943018
-0.010930019430816174
0.006805548444390297
-0.024396467953920364
-0.018424702808260918
0.025948362424969673
-0.03298782557249069
0.00489931320771575
-0.0050713615491986275
0.0044205039739608765
0.013913791626691818
-0.009770254604518414
-0.01208207756280899
0.009000509977340698
0.023418789729475975
0.012883190996944904
-0.002259416040033102
0.0036409711465239525
0.01740821823477745
-0.002223664429038763
-0.027702823281288147
0.0002677562879398465
0.008737138472497463
0.05222855135798454
0.020746450871229172
0.000756638590246439
-0.03238951042294502
0.0024974392727017403
-0.007076865527778864
-0.013942055404186249
-0.02098688669502735
0.01637725904583931
0.013461755588650703
0.012827291153371334
-0.007901384495198727
0.025054704397916794
-0.004084283486008644
0.024531126022338867
0.049753278493881226
-0.005601692944765091
-0.01672828197479248
-0.015215860679745674
-0.009072927758097649
0.007803446613252163
-0.02141389064490795
0.019252959638834
0.010551240295171738
0.01185612939298153
-0.012989728711545467
0.001505534048192203
-0.002815657528117299
-0.012555090710520744
-0.009405960328876972
0.009552857838571072
0.025282176211476326
0.008192616514861584
-0.008022045716643333
0.021496368572115898
0.03483564406633377
0.03144783899188042
0.0020560254342854023
0.010975416749715805
0.007541898172348738
0.0052797128446400166
0.004444108810275793
-0.035851627588272095
0.027963552623987198
0.011639735661447048
0.006353746168315411
-0.010317141190171242
-0.0090737733989954
-0.014938337728381157
0.03584789112210274
-0.03685648366808891
0.0044037895277142525
-0.006137427408248186
0.026081617921590805
-0.020508384332060814
-0.009424558840692043
EMBEDDING ENDS
